Cholesky QR Factorization

MATRIX M=1000	N=32
Iter	Real_Time [s]	Proc_Time [s]	FLOPS	MFLOPS		norm(A - QR)	norm(I - Q'Q)
0	1.438000e-03	1.435000e-03	686369	478.305908	2.181679e-14	8.224769e-14
1	1.317000e-03	1.315000e-03	711503	541.066895	2.110268e-14	8.264870e-14
2	1.302000e-03	1.301000e-03	736875	566.391235	2.138804e-14	8.488625e-14
3	1.289000e-03	1.282000e-03	712544	555.806580	2.094848e-14	7.889072e-14
4	1.275999e-03	1.273000e-03	704565	553.468201	2.135083e-14	8.430711e-14
5	1.301999e-03	1.300000e-03	740447	569.574585	2.146359e-14	8.300607e-14
6	1.253000e-03	1.251999e-03	673422	537.877014	2.235630e-14	8.278153e-14
7	1.304001e-03	1.297999e-03	723650	557.511536	2.137383e-14	8.588264e-14
8	1.287999e-03	1.286000e-03	721153	560.772156	2.087880e-14	8.702995e-14
9	1.268001e-03	1.265999e-03	692504	547.001587	2.122577e-14	7.967870e-14
============================================================================================
AVG:	1.303700e-03	1.300800e-03	710303	546.777570	2.139051e-14	8.313594e-14

MATRIX M=2000	N=32
Iter	Real_Time [s]	Proc_Time [s]	FLOPS	MFLOPS		norm(A - QR)	norm(I - Q'Q)
0	2.200000e-03	2.196001e-03	875735	398.786438	3.042039e-14	1.138588e-13
1	2.099000e-03	2.095997e-03	886259	422.833496	3.015154e-14	1.157966e-13
2	2.113998e-03	2.110999e-03	906950	429.630493	3.035727e-14	1.111917e-13
3	2.102003e-03	2.098002e-03	892857	425.575317	3.059044e-14	1.088432e-13
4	2.096999e-03	2.093997e-03	888345	424.233521	2.996201e-14	1.101695e-13
5	2.128001e-03	2.121001e-03	922177	434.784058	2.955360e-14	1.169127e-13
6	2.086997e-03	2.083004e-03	864022	414.796936	3.027674e-14	1.151315e-13
7	2.142996e-03	2.136007e-03	945235	442.525757	2.992979e-14	1.146876e-13
8	2.077997e-03	2.074003e-03	861183	415.228058	3.003736e-14	1.125482e-13
9	2.106003e-03	2.098002e-03	878229	418.602966	3.014115e-14	1.192739e-13
============================================================================================
AVG:	2.115399e-03	2.110701e-03	892099	422.699704	3.014203e-14	1.138414e-13

MATRIX M=3000	N=32
Iter	Real_Time [s]	Proc_Time [s]	FLOPS	MFLOPS		norm(A - QR)	norm(I - Q'Q)
0	2.972007e-03	2.967000e-03	1013939	341.738800	3.710880e-14	1.554557e-13
1	2.896003e-03	2.890997e-03	988999	342.095825	3.599735e-14	1.585150e-13
2	2.926998e-03	2.922997e-03	1041385	356.272675	3.655273e-14	1.584358e-13
3	2.937995e-03	2.931997e-03	1069714	364.841064	3.576329e-14	1.510413e-13
4	2.889000e-03	2.884999e-03	994617	344.754578	3.578346e-14	1.486412e-13
5	2.906010e-03	2.901003e-03	1019544	351.445709	3.620469e-14	1.504152e-13
6	2.935007e-03	2.930999e-03	1058098	361.002380	3.573226e-14	1.485449e-13
7	2.894998e-03	2.890989e-03	1001101	346.281921	3.674652e-14	1.509244e-13
8	2.924010e-03	2.914995e-03	1031788	353.958160	3.641119e-14	1.579257e-13
9	2.917007e-03	2.912000e-03	1027757	352.938538	3.661541e-14	1.401456e-13
============================================================================================
AVG:	2.919903e-03	2.914798e-03	1024694	351.532965	3.629157e-14	1.520045e-13

